8956959
6262981
9506034
3064897
9619254
2156204
0032007
1549651
8990333
0797464
8066822
5230882
5798083
0149592
1180768
3547995
6507345
9769184
5461732
5107031
2553424
4361636
2118655
3974133
3683822
3405301
0957012
5743669
5399842
7083210
5838063
0290218
8379529
6036375
4019817
3638814
5337403
4149356
1740398
6071082
9447127
3043693
4977288
7748012
6465872
1871886
3231198
9791000
7365333
1276658
0076222
4969773
7229061
0897766
1033604
9232764
4084167
5046944
6918110
5358234
4350083
3466702
6570027
4843415
1944961
4682589
7351919
8234911
8333800
3364286
1224930
6813309
0209378
5862150
5179121
2359625
0024769
3967361
8480229
5992432
7268784
4587509
1255082
4536268
1579452
0962923
2899662
2638943
4334286
6498509
5332389
4431606
1591682
7767522
1274762
1663746
3279809
3263838
0765776
2447247