13494
12272
12543
96671
95758
29379
51081
13072
09485
13192
08963
29990
16697
64754
35039
09767
34651
70983
24829
83947
21796
56349
10493
56908
11862
82237
68251
03838
54206
83616
78745
25664
12034
73048
04444
71858
12001
92589
29419
73100
91536
34758
65934
01915
54620
18203
17466
31605
04295
44291
39650
71647
43249
21380
59934
58183
20712
06320
51504
07098
17815
21713
08848
37331
22617
26353
64010
16656
80140
01027
19900
54195
22171
40266
12672
34966
97571
34558
32522
31642
14265
76252
96759
72532
85335
00455
88726
38113
30783
85244
23564
02100
42302
31331
23985
44482
50791
71305
39251
04364