2098
9606
9552
2975
1063
5081
0283
0357
4210
0878
0832
4440
9833
6042
3065
3037
4834
9855
5135
1315
2188
3208
4336
6745
6634
6842
6227
0576
5892
5965
1782
3598
9072
2886
9326
2478
2142
9645
9889
4049
3706
9930
9874
7062
4257
9559
6342
5965
8871
6213
1915
9888
0686
8105
4142
6732
9582
2768
2496
0832
0792
4098
8470
4509
9997
3502
5193
3497
7910
2412
8257
7957
7235
2539
9365
0582
2955
7071
9355
1281
7683
4991
0981
9588
1177
6825
4226
7218
1908
3083
8079
4287
4292
0725
9513
3352
8526
4928
0276
9276