327312
965486
013065
025510
598731
565981
208204
503438
341831
776153
198661
126379
705724
355741
798437
757823
930272
612037
654770
914728
722878
842174
940718
479419
034115
167868
231846
410266
097062
014302
731720
852879
240585
620889
342728
002245
177949
177630
487326
679150
601713
772726
369386
208973
051504
375587
555211
084597
586601
936946
443156
822085
757881
197258
710321
350878
839006
138914
730271
739174
430930
522821
568574
143129
341654
264640
280389
456869
687542
916328
606490
885852
169106
977795
031212
265183
984222
110733
312643
099534
346613
579006
770146
299682
840739
805548
966368
533181
818007
411693
581953
319128
338905
964392
776099
610001
929344
945898
451320
700011