9561
4669
6028
8080
7261
6122
4098
4459
6228
7344
9303
7294
3970
4558
6334
1658
9547
3369
3230
7514
1218
7964
3970
6651
6409
9957
9592
1167
9498
8243
1255
2085
8278
4420
5640
6948
0280
3572
5336
9745
4816
0318
5531
7377
2624
3263
6348
3910
5153
0841
8312
5295
9888
1777
1989
4477
0677
7519
4550
0479
8397
8892
1024
4194
5406
4128
5670
0187
3151
0051
5025
4429
5782
6441
9542
9983
4541
3815
2899
7086
6186
9754
4594
4346
5268
5651
2663
3804
1368
4462
4617
3347
9754
0061
6893
7146
4615
1256
1585
8699