6622129
9712189
9127048
0787642
0202709
2557211
5375595
1038303
7562947
2189049
1501815
9347021
9084563
3808958
2690983
6655437
2187079
3365118
3801805
2623906
4702310
3486816
8770656
1950120
4943063
1966668
7518469
5235749
4749265
9823654
6738168
5261396
1035884
2835650
7423298
7684614
5389840
6542223
5383649
0115049
3636088
5843226
4867257
2703394
4760315
1510608
7156015
2414847
6986690
9129750
8381308
6478223
7251597
9060493
7986455
6269387
0335850
0481167
3648584
9032507
7429673
0750318
8805856
3657633
2200195
4199437
0766582
7067928
2166641
7500181
3117600
4384017
1434419
7878378
2044544
4423459
3160366
9370092
8232982
1126116
7121586
1193895
4210209
2832972
1064248
5623059
9776276
7034695
8820181
8835085
6971634
8618582
7635581
7254045
1673771
9279965
0974302
2822446
1943170
7230142