367190
969934
609986
293944
176803
224571
675641
368152
181836
145734
820028
453496
455828
968787
843624
909226
694608
858737
815789
330019
096273
452206
034279
734569
715846
204450
963282
769274
373101
107853
558297
761628
681797
205035
875408
378640
828136
649531
180059
618142
671093
577526
880021
553024
215605
059807
662675
990234
472162
261821
009029
932732
126197
338123
839173
042106
958487
230096
267747
434037
270057
051650
322129
044379
025868
208968
161270
688068
154113
800133
882510
096831
567965
984714
794989
871596
820257
484290
855876
003192
524837
582090
439953
086232
588282
252775
508196
149655
113065
340516
932421
558864
097294
967420
205331
675549
579936
753024
204685
703584