45554
89040
88335
63198
97348
10556
12496
09189
76409
41846
03484
73875
88166
71928
50859
26453
03721
02410
92228
54588
87963
75086
71233
45270
99117
87090
31231
52122
95071
03544
01072
02099
90190
02323
11018
31615
41519
91672
51631
41803
93151
75788
18928
05531
39159
99198
86984
57910
59070
85246
02339
00733
33759
20138
66029
96925
70243
37955
47800
41187
03750
58592
29644
67435
40128
39835
54073
82366
37404
73131
64567
01287
39955
68060
93799
11561
22855
62751
68313
05178
67217
92924
64273
18609
15152
44286
66817
57225
17373
78080
73970
14290
86960
57205
04089
24971
47698
85282
99601
93895